version https://git-lfs.github.com/spec/v1
oid sha256:9145c1120424cd8c16c2aa303507318a39217cfc618685ac76fe020404e8e45f
size 142686
